0 0.5830810546875 0.8775100504557292 0.0852974853515625 0.09344099934895833
0 0.7432077941894532 0.8888417154947916 0.24004791259765626 0.22231656901041666
0 0.14269049263000488 0.8691711018880208 0.18737069320678712 0.234084716796875
0 0.07867574214935302 0.4026991882324219 0.10063743782043456 0.20029368082682292
0 0.35389108276367187 0.9240982666015625 0.21305963134765624 0.14372762044270834
0 0.3985616302490234 0.7008257649739583 0.17944772338867188 0.31148388671875
0 0.24008238983154298 0.48245553588867185 0.18641749572753907 0.3304470011393229
0 0.30756292724609374 0.701378662109375 0.0251802978515625 0.08070133463541666
0 0.7400543212890625 0.6282242635091145 0.392579345703125 0.45410713704427086
0 0.8928560485839844 0.9422881673177084 0.12955889892578126 0.10926839192708333
0 0.06210789108276367 0.6044270833333333 0.12421578216552734 0.2772581380208333
0 0.02021771714091301 0.8118028971354166 0.039770368635654446 0.15883805338541668
0 0.5968668518066407 0.9671620686848958 0.13701031494140625 0.062240478515625
