0 0.5830810546875 0.8775100504557292 0.0852974853515625 0.09344099934895833
0 0.7432077941894532 0.8888417154947916 0.24004791259765626 0.22231656901041666
0 0.14269049263000488 0.8691711018880208 0.18737069320678712 0.234084716796875
0 0.07867574214935302 0.4026991882324219 0.10063743782043456 0.20029368082682292
0 0.35389108276367187 0.9240982666015625 0.21305963134765624 0.14372762044270834
0 0.42231163024902346 0.5858257649739583 0.17944772338867188 0.31148388671875
0 0.4049986267089844 0.2447320302327474 0.12625 0.195
0 0.26872283935546876 0.6276946512858073 0.1025 0.22666666666666666
0 0.7343896484375 0.6083333333333333 0.39625 0.43333333333333335
0 0.8928560485839844 0.9422881673177084 0.12955889892578126 0.10926839192708333
0 0.06210789108276367 0.6044270833333333 0.12421578216552734 0.2772581380208333
0 0.02021771714091301 0.8118028971354166 0.039770368635654446 0.15883805338541668
0 0.5968668518066407 0.9671620686848958 0.13701031494140625 0.062240478515625
