0 0.5830810546875 0.8775100504557292 0.0852974853515625 0.09344099934895833
0 0.7432077941894532 0.8888417154947916 0.24004791259765626 0.22231656901041666
0 0.14269049263000488 0.8691711018880208 0.18737069320678712 0.234084716796875
0 0.08210704803466796 0.3883857218424479 0.1075 0.17166666666666666
0 0.35389108276367187 0.9240982666015625 0.21305963134765624 0.14372762044270834
0 0.3985616302490234 0.7008257649739583 0.17944772338867188 0.31148388671875
0 0.37312362670898436 0.2897320556640625 0.1375 0.20166666666666666
0 0.2387228012084961 0.48686136881510417 0.175 0.2916666666666667
0 0.7400543212890625 0.6282242635091145 0.392579345703125 0.45410713704427086
0 0.8928560485839844 0.9422881673177084 0.12955889892578126 0.10926839192708333
0 0.06210789108276367 0.6044270833333333 0.12421578216552734 0.2772581380208333
0 0.02021771714091301 0.8118028971354166 0.039770368635654446 0.15883805338541668
0 0.5968668518066407 0.9671620686848958 0.13701031494140625 0.062240478515625
